143,157,151,110,41,8,0,0,0,0,0,0,0,0,0,0
241,255,241,142,96,83,69,55,43,31,22,7,1,0,0,0
255,255,255,159,76,85,67,55,42,31,19,8,0,0,0,0
255,253,216,118,30,48,23,13,0,0,0,0,0,0,0,0
235,227,192,101,20,28,1,0,0,0,0,0,0,0,0,0
193,184,148,72,12,0,0,0,0,0,0,0,0,0,0,0
159,165,154,121,53,0,0,0,0,0,0,0,0,0,0,0
188,203,199,161,61,65,22,0,0,0,0,0,0,0,0,0
141,180,182,150,75,50,1,0,0,0,0,0,0,0,0,0
142,158,170,140,53,54,11,0,0,0,0,0,0,0,0,0
121,120,122,99,52,36,0,0,0,0,0,0,0,0,0,0
148,190,193,165,91,87,43,0,0,0,0,0,0,0,0,0
177,191,192,164,78,43,13,0,0,0,0,0,0,0,0,0
208,201,186,159,97,55,11,0,0,0,0,0,0,0,0,0
210,197,159,117,52,13,0,0,0,0,0,0,0,0,0,0
186,175,141,88,36,24,0,0,0,0,0,0,0,0,0,0
196,184,141,65,32,31,0,0,0,0,0,0,0,0,0,0
210,194,137,79,37,24,0,0,0,0,0,0,0,0,0,0
220,204,151,95,79,47,0,0,0,0,0,0,0,0,0,0
187,196,183,141,47,17,0,0,0,0,0,0,0,0,0,0
206,198,173,130,49,49,4,0,0,0,0,0,0,0,0,0
255,255,249,177,118,60,66,48,35,23,15,0,0,0,0,0
255,255,255,173,112,104,75,64,51,40,29,19,8,0,0,0
250,249,220,138,72,61,39,24,11,0,0,0,0,0,0,0
225,228,201,117,64,31,24,7,0,0,0,0,0,0,0,0
180,180,164,108,34,21,0,0,0,0,0,0,0,0,0,0
240,241,210,84,58,61,40,28,15,3,0,0,0,0,0,0
253,243,207,121,62,30,9,0,0,0,0,0,0,0,0,0
206,202,174,104,58,16,0,0,0,0,0,0,0,0,0,0
218,208,174,117,54,0,0,0,0,0,0,0,0,0,0,0
205,198,169,120,90,57,18,0,0,0,0,0,0,0,0,0
186,214,217,184,114,89,45,0,0,0,0,0,0,0,0,0
153,183,185,152,108,100,63,0,0,0,0,0,0,0,0,0
201,191,168,133,77,67,26,0,0,0,0,0,0,0,0,0
213,193,136,123,81,77,37,0,0,0,0,0,0,0,0,0
189,160,150,129,57,48,5,0,0,0,0,0,0,0,0,0
159,146,131,111,34,8,0,0,0,0,0,0,0,0,0,0
161,153,125,81,37,15,0,0,0,0,0,0,0,0,0,0
120,124,102,57,21,0,0,0,0,0,0,0,0,0,0,0
168,152,96,23,0,0,0,0,0,0,0,0,0,0,0,0
189,173,116,3,0,0,0,0,0,0,0,0,0,0,0,0
255,255,255,171,54,58,51,32,19,6,0,0,0,0,0,0
255,255,220,128,26,30,9,0,0,0,0,0,0,0,0,0
227,221,179,136,57,42,10,0,0,0,0,0,0,0,0,0
211,217,208,171,112,99,57,0,0,0,0,0,0,0,0,0
255,251,216,148,89,94,29,27,11,0,0,0,0,0,0,0
255,255,255,169,78,90,19,28,11,0,0,0,0,0,0,0
255,255,223,143,75,51,19,5,0,0,0,0,0,0,0,0
234,224,190,118,30,10,0,0,0,0,0,0,0,0,0,0
189,184,154,88,31,0,0,0,0,0,0,0,0,0,0,0
168,163,143,102,30,0,0,0,0,0,0,0,0,0,0,0
125,146,145,112,37,0,0,0,0,0,0,0,0,0,0,0
154,178,177,146,80,53,12,0,0,0,0,0,0,0,0,0
150,170,170,137,74,50,11,0,0,0,0,0,0,0,0,0
156,179,181,148,56,62,24,0,0,0,0,0,0,0,0,0
153,161,167,139,114,109,72,0,0,0,0,0,0,0,0,0
158,176,175,139,105,102,62,0,0,0,0,0,0,0,0,0
186,189,178,138,90,68,22,0,0,0,0,0,0,0,0,0
163,172,170,143,86,20,0,0,0,0,0,0,0,0,0,0
146,180,187,167,112,43,12,0,0,0,0,0,0,0,0,0
101,194,196,163,74,65,36,0,0,0,0,0,0,0,0,0
142,189,186,145,46,46,8,0,0,0,0,0,0,0,0,0
124,166,149,131,100,66,15,0,0,0,0,0,0,0,0,0
255,255,212,98,90,65,9,0,0,0,0,0,0,0,0,0
255,255,255,171,87,75,57,42,30,18,8,0,0,0,0,0
255,255,228,157,80,72,47,10,0,0,0,0,0,0,0,0
255,244,205,121,50,40,8,0,0,0,0,0,0,0,0,0
217,206,169,85,31,7,0,0,0,0,0,0,0,0,0,0
203,191,154,95,16,0,0,0,0,0,0,0,0,0,0,0
152,140,104,49,0,0,0,0,0,0,0,0,0,0,0,0
109,155,148,107,14,0,0,0,0,0,0,0,0,0,0,0
166,185,179,138,57,42,0,0,0,0,0,0,0,0,0,0
194,226,225,188,51,76,44,2,0,0,0,0,0,0,0,0
185,205,204,167,61,69,31,0,0,0,0,0,0,0,0,0
147,165,164,128,31,23,0,0,0,0,0,0,0,0,0,0
100,116,114,78,0,0,0,0,0,0,0,0,0,0,0,0
93,112,114,85,22,0,0,0,0,0,0,0,0,0,0,0
74,107,117,90,20,0,0,0,0,0,0,0,0,0,0,0
43,75,90,70,12,0,0,0,0,0,0,0,0,0,0,0
35,43,51,36,3,0,0,0,0,0,0,0,0,0,0,0
18,4,19,3,0,0,0,0,0,0,0,0,0,0,0,0
26,21,18,11,0,0,0,0,0,0,0,0,0,0,0,0
54,39,0,0,0,0,0,0,0,0,0,0,0,0,0,0
40,18,0,5,2,0,0,0,0,0,0,0,0,0,0,0
43,55,48,25,0,0,0,0,0,0,0,0,0,0,0,0
186,204,201,164,77,23,0,0,0,0,0,0,0,0,0,0
158,193,195,162,95,62,0,0,0,0,0,0,0,0,0,0
179,220,220,186,111,80,0,5,0,0,0,0,0,0,0,0
154,188,189,155,79,83,30,0,0,0,0,0,0,0,0,0
110,147,152,110,83,71,25,0,0,0,0,0,0,0,0,0
126,154,160,131,72,38,1,0,0,0,0,0,0,0,0,0
100,119,142,127,85,67,35,0,0,0,0,0,0,0,0,0
153,185,193,166,92,44,12,0,0,0,0,0,0,0,0,0
165,188,187,161,107,43,0,0,0,0,0,0,0,0,0,0
148,158,155,130,72,3,0,0,0,0,0,0,0,0,0,0
165,164,160,147,100,10,0,0,0,0,0,0,0,0,0,0
160,149,124,105,66,10,0,0,0,0,0,0,0,0,0,0
126,121,106,88,41,0,0,0,0,0,0,0,0,0,0,0
196,182,148,123,98,62,23,0,0,0,0,0,0,0,0,0
154,149,123,84,76,55,12,0,0,0,0,0,0,0,0,0
196,194,176,134,88,53,9,0,0,0,0,0,0,0,0,0
190,243,230,186,109,104,27,22,9,0,0,0,0,0,0,0
255,255,255,188,121,88,81,54,42,30,21,5,1,0,0,0
255,255,231,160,107,86,61,22,12,1,0,0,0,0,0,0
225,223,195,119,89,67,28,0,0,0,0,0,0,0,0,0
188,187,162,109,97,73,10,0,0,0,0,0,0,0,0,0
203,192,153,83,58,31,0,0,0,0,0,0,0,0,0,0
211,203,179,143,101,56,18,0,0,0,0,0,0,0,0,0
207,198,186,156,86,20,0,0,0,0,0,0,0,0,0,0
208,187,175,158,84,0,0,0,0,0,0,0,0,0,0,0
200,185,154,131,55,0,0,0,0,0,0,0,0,0,0,0
200,187,150,107,22,0,0,0,0,0,0,0,0,0,0,0
188,173,127,69,7,0,0,0,0,0,0,0,0,0,0,0
219,203,150,35,0,0,0,0,0,0,0,0,0,0,0,0
197,183,136,27,0,0,0,0,0,0,0,0,0,0,0,0
206,193,151,82,0,0,0,0,0,0,0,0,0,0,0,0
211,208,192,153,69,0,0,0,0,0,0,0,0,0,0,0
174,205,210,176,86,36,10,0,0,0,0,0,0,0,0,0
125,196,197,161,90,53,11,0,0,0,0,0,0,0,0,0
255,255,236,161,54,73,47,31,19,7,0,0,0,0,0,0
255,255,225,142,47,64,17,6,0,0,0,0,0,0,0,0
232,226,194,111,34,43,0,0,0,0,0,0,0,0,0,0
203,189,156,118,64,30,0,0,0,0,0,0,0,0,0,0
166,172,151,108,70,40,4,0,0,0,0,0,0,0,0,0
178,173,147,105,31,44,0,0,0,0,0,0,0,0,0,0
191,197,191,158,99,80,37,0,0,0,0,0,0,0,0,0
215,230,229,194,120,104,63,0,0,0,0,0,0,0,0,0
180,201,204,175,83,106,63,0,0,0,0,0,0,0,0,0
130,205,208,173,93,82,32,0,0,0,0,0,0,0,0,0
154,179,176,150,107,95,59,0,0,0,0,0,0,0,0,0
129,153,152,117,90,66,22,0,0,0,0,0,0,0,0,0
164,183,185,155,85,26,0,0,0,0,0,0,0,0,0,0
158,197,203,178,106,56,22,0,0,0,0,0,0,0,0,0
129,176,185,163,106,67,26,0,0,0,0,0,0,0,0,0
133,151,157,132,61,50,8,0,0,0,0,0,0,0,0,0
154,159,156,135,107,85,37,0,0,0,0,0,0,0,0,0
103,112,112,90,63,37,0,0,0,0,0,0,0,0,0,0
107,108,105,73,33,18,0,0,0,0,0,0,0,0,0,0
167,152,101,98,50,15,0,0,0,0,0,0,0,0,0,0
255,255,233,162,99,54,47,32,20,9,0,0,0,0,0,0
255,255,203,183,81,77,54,18,5,0,0,0,0,0,0,0
255,250,216,175,115,92,58,3,0,0,0,0,0,0,0,0
236,230,212,176,89,80,49,0,0,0,0,0,0,0,0,0
204,195,182,153,65,40,13,0,0,0,0,0,0,0,0,0
255,255,223,140,50,31,17,0,0,0,0,0,0,0,0,0
246,255,233,141,75,65,53,38,26,14,3,0,0,0,0,0
231,230,198,101,33,33,17,3,0,0,0,0,0,0,0,0
194,201,172,85,22,11,0,0,0,0,0,0,0,0,0,0
169,168,137,53,3,0,0,0,0,0,0,0,0,0,0,0
121,123,99,42,0,0,0,0,0,0,0,0,0,0,0,0
147,157,153,121,46,0,0,0,0,0,0,0,0,0,0,0
